5 1 0.18455615942028988 0.7870251199473507 0.3431458404098732 0.6249933657438862 0.4184932985167573 0.5407814357591711 0.33755537392436596 0.5339547862177308 0.295936473901721 0.6167237654976223 0.24894382642663046 0.6399469790251359 0.16797051913496377 0.8149321182914402 0.0011676290760869918 0.999858690344769 0.002755427706068884
5 0.9984057882557746 0.4312045332314312 0.9333967125934104 0.5543540180593298 0.8685966159986414 0.6927136407382247 0.7979683254076088 0.7855622664741849 0.7647771420686142 0.8332581450973732 0.572602645210598 1 0.25794319484544836 1 0.23856121560801635 0.885567043138587 0.26157876719599193 0.8318472599637682 0.3067016601562501 0.7536426488903986 0.3984832763671876 0.6448718084805254 0.6067358929177991 0.43500817340353265 0.7936892302139947 0.3416553442028986 1 0.19028815670289853
5 0.8058763586956521 0.7846467391304349 1 0.8738730610280796 0.9995634659476903 0.5378966400588768 0.9401172140370245 0.5467511605525363 0.8734661599864132 0.6884632939877718
5 0.7923325248386548 0.8074331974637682 0.8332161281419834 0.8246159207993661 0.852302882982337 0.861781023550725 0.8661319898522419 0.9165534420289857 0.8669844917629077 0.9460360762001812 0.796100782311481 0.9668986002604169 0.7674971870754079 0.9824139138926632 0.749614549719769 0.9993887638700182 0.6494306481402853 0.9992914614470109 0.5778470246688179 1 0.7183937404466711 0.8814670728600542
5 0.0418853759765625 0.9958991451539855 0.05336263905400816 0.9512506015058877 0.07041599439538046 0.9093751769134965 0.08800672448199726 0.8742401565330619 0.1079692011294158 0.851343127264493 0.12486001719599188 0.8494722670403082 0.16301362410835601 0.8432404891304349 0.20502836807914404 0.8413519375566124 0.24282372516134512 0.8574289515398551 0.24813776430876366 0.8639526367187501 0.23933742357336962 0.891816512398098 0.24770985478940222 0.9346516927083335 0.25627799656080175 0.9924139492753624 0.24780273437500017 1
5 0.0010979693868885532 0.5830759241961051 0.04453244416610052 0.5735889379528986 0.0899339758831522 0.5944470391757247 0.1149318529211957 0.6074988323709242 0.10688118312669838 0.6969949473505436 0.11465321416440218 0.7637311410212863 0.1367054814877718 0.8008343240489132 0.16101671301800274 0.8298481374547103 0.16890152640964673 0.842179008152174 0.10361381199048914 0.8533732096354169 0.06992174231487769 0.9056024966032609 0.0015988557235054324 0.8929929871490038
5 0.13904073963994568 0.08515288864356885 0.06799117378566578 0.04262730695199276 0.0018376889436141353 0.12705042742300723 0.002229110054347838 0.33537933791893115 0.12368575386379077 0.4349241394927536
5 0.16079446543817932 0.001534724581068847 0.14874333920686145 0.038859049479166664 0.14337954313858697 0.08873096410778995 0.10995284370754077 0.6969905245131341 0.11816936990489135 0.7685918393342392 0.16820824664572015 0.8443860040194747 0.21074046259341034 0.847915428272192 0.25006501570991857 0.8606178173120472 0.30507958453634515 0.7584414274796196 0.3492969015370244 0.6965172809103262 0.4414964758831523 0.12731137483016305 0.43381069017493223 0.06061940953351449 0.3875367537788724 0.02802309782608699 0.32679018766983714 0.003210979959239172
5 0.08406929347826086 0.5865036231884059 0.028849062712296196 0.3610450634057971 0.0022390614385189994 0.33798438915307977 0.0019770083220108647 0.5837570411571559 0.0477500583814538 0.5737393144248188
5 0.3846807065217392 0.021512681159420288 0.46604985776154906 0.0032773225203804324 0.5921206266983696 0.0033923162930253694 0.6401891293733017 0.09770932404891304 0.6416022259256114 0.16115934952445657 0.6162892217221468 0.25075276692708337 0.5348205566406251 0.29732966768568847 0.4617442255434784 0.3146096934442935 0.41422636612601915 0.3175464574841486 0.44317825980808434 0.11408266813858696 0.43668000594429357 0.06067248358242753
5 0.5375339673913044 0.33061594202898553 0.4878035835597826 0.3216066222259964 0.43942990510360047 0.3366221552309783 0.41093909222146746 0.38470724354619573 0.39970066236413054 0.42255346325860516 0.35128054411514953 0.6986579342164855 0.5441350522248642 0.4956762341485508 0.6052398681640625 0.43204929517663043 0.6204024605129077 0.4248842985733696 0.6002575418223508 0.3814033840013587 0.5632516612177312 0.34664430480072467